function palindromes = buildPalindromes (upperLimit)
  memo = [];
  % 9
  % 22
  % 33
  % 44
  % 55
  % 99
  % 101
  % 111
  % 121
  % 999
  % 1001
  % 1111
  % 1991
  % 2002
  % 9999
  % 10001

  % length 5,
  % 9999 + 11 = 10001
  % 10001 + 100 = 10101
  % 10101 + 910 = 11011
  % 11011 + 100 = 12121
  % ...
  % 12921 + 110 = 13031
  % 13031 + 100 = 13131
  % ...
  % 13931 + 110 = 14041
  % ...
  % 19991 + 11 = 20002

% plus 1

buildPalindromes(10000);